0.01607391 0.06204187 0.19388235 0.50968425 -1.0000000 -1.00000000
0.01073722 0.04142540 0.12952971 0.34180465 0.77743831 -1.00000000
0.00806878 0.03111404 0.09729662 0.25720417 0.58886005 -1.00000000
0.00646768 0.02492622 0.07793854 0.20623041 0.47400614 -1.00000000
0.00540027 0.02080058 0.06502553 0.17215844 0.39671208 0.80424530
0.00463784 0.01785348 0.05579820 0.14777733 0.34114267 0.69524713
0.00406600 0.01564304 0.04887564 0.12946735 0.29926734 0.61233208
0.00362125 0.01392374 0.04349020 0.11521191 0.26657938 0.54713811
0.00326544 0.01254825 0.03918107 0.10379850 0.24035410 0.49453249
0.00297432 0.01142282 0.03565489 0.09445423 0.21884731 0.45119016
0.00273173 0.01048494 0.03271605 0.08666320 0.20089066 0.41486231
0.00252646 0.00969133 0.03022907 0.08006782 0.18567212 0.38397358
0.00235051 0.00901108 0.02809719 0.07441248 0.17260976 0.35738747
0.00219802 0.00842151 0.02624940 0.06950956 0.16127564 0.33426351
0.00206459 0.00790564 0.02463248 0.06521826 0.15134806 0.31396673
0.00194687 0.00745045 0.02320569 0.06143086 0.14258047 0.29600849
0.00184222 0.00704583 0.02193736 0.05806350 0.13478078 0.28000665
0.00174859 0.00668379 0.02080247 0.05504999 0.12779709 0.26565799
0.00166432 0.00635795 0.01978103 0.05233732 0.12150770 0.25271891
0.00158808 0.00606315 0.01885682 0.04988260 0.11581397 0.24099140
0.00151877 0.00579513 0.01801659 0.04765068 0.11063510 0.23031289
0.00145548 0.00555042 0.01724940 0.04561256 0.10590427 0.22054866
0.00139747 0.00532610 0.01654611 0.04374403 0.10156574 0.21158609
0.00134410 0.00511972 0.01589906 0.04202478 0.09757266 0.20333035
0.00129484 0.00492922 0.01530176 0.04043759 0.09388534 0.19570098
0.00124923 0.00475282 0.01474868 0.03896782 0.09046995 0.18862930
0.00120687 0.00458902 0.01423510 0.03760290 0.08729748 0.18205630
0.00116744 0.00443651 0.01375692 0.03633199 0.08434290 0.17593104
0.00113063 0.00429417 0.01331060 0.03514570 0.08158451 0.17020926
0.00097815 0.00370444 0.01146140 0.03022994 0.07014866 0.14645440
0.00086380 0.00326211 0.01007428 0.02654184 0.06156294 0.12858457
0.00077486 0.00291803 0.00899524 0.02367247 0.05487974 0.11465357
0.00070370 0.00264273 0.00813187 0.02137636 0.04952962 0.10348815
0.00064549 0.00241746 0.00742536 0.01949726 0.04514979 0.09433894
0.00059697 0.00222971 0.00683650 0.01793097 0.04149814 0.08670488
0.00055592 0.00207081 0.00633813 0.01660535 0.03840692 0.08023824
0.00052074 0.00193459 0.00591088 0.01546884 0.03575625 0.07469013
0.00049024 0.00181651 0.00554051 0.01448363 0.03345816 0.06987772
0.00046355 0.00171317 0.00521637 0.01362138 0.03144663 0.06566369
0.00044001 0.00162196 0.00493029 0.01286039 0.02967116 0.06194288
0.00041907 0.00154087 0.00467594 0.01218379 0.02809247 0.05863342
0.00040034 0.00146829 0.00444830 0.01157827 0.02667951 0.05567060
0.00038348 0.00140295 0.00424336 0.01103315 0.02540747 0.05300262
0.00036822 0.00134382 0.00405789 0.01053982 0.02425623 0.05058751
0.00035435 0.00129005 0.00388923 0.01009122 0.02320934 0.04839089
0.00034168 0.00124094 0.00373519 0.00968152 0.02225320 0.04638436
0.00033007 0.00119590 0.00359394 0.00930585 0.02137649 0.04454424
0.00031938 0.00115445 0.00346394 0.00896013 0.02056967 0.04285060
0.00030951 0.00111617 0.00334390 0.00864092 0.01982470 0.04128660
0.00030037 0.00108072 0.00323271 0.00834525 0.01913471 0.03983787
0.00029189 0.00104778 0.00312943 0.00807062 0.01849381 0.03849209
0.00028398 0.00101710 0.00303323 0.00781484 0.01789694 0.03723865
0.00027660 0.00098846 0.00294340 0.00757604 0.01733968 0.03606834
0.00026969 0.00096165 0.00285934 0.00735257 0.01681822 0.03497312
0.00026322 0.00093650 0.00278049 0.00714299 0.01632920 0.03394598
0.00025713 0.00091286 0.00270639 0.00694604 0.01586967 0.03298074
0.00025140 0.00089060 0.00263662 0.00676061 0.01543703 0.03207196
0.00024599 0.00086961 0.00257080 0.00658571 0.01502899 0.03121481
0.00024088 0.00084976 0.00250861 0.00642046 0.01464349 0.03040498
0.00023605 0.00083098 0.00244975 0.00626409 0.01427871 0.02963867
0.00023146 0.00081318 0.00239396 0.00611589 0.01393301 0.02891243
0.00022711 0.00079628 0.00234101 0.00597523 0.01360493 0.02822319
0.00022298 0.00078021 0.00229068 0.00584155 0.01329315 0.02756819
