422.04	31	5	1.00E-04
422.04	65.5	1.16	1.00E-03
422.04	103.4	1.88	1.00E-03	
423.15	21	3.26	1.00E-04
423.15	30	4.95	1.00E-04
423.15	31	4.37	1.00E-04
423.15	40	6.55	1.00E-04
423.15	42	5.98	1.00E-04
423.15	52	7.79	1.00E-04
423.15	51.8	9	1.00E-04
423.15	54.3	9.79	1.00E-04
423.15	55	8.75	1.00E-04
423.15	62	9.43	1.00E-04
423.15	76	1.15	1.00E-03
423.15	75.9	1.35	1.00E-03
423.15	82	1.34	1.00E-03
423.15	87.1	1.6	1.00E-03		
448.15	22	3.28	1.00E-04
448.15	29	4.83	1.00E-04
448.15	39	6.59	1.00E-04
448.15	52	7.46	1.00E-04
448.15	60	9.56	1.00E-04
448.15	62	9.43	1.00E-04
448.15	80	1.24	1.00E-03		
473.15	26	3.3	1.00E-04
473.15	31	1	1.00E-03
473.15	36	5.74	1.00E-04
473.15	42	5.52	1.00E-04
473.15	46	8.44	1.00E-04
473.15	52	7.51	1.00E-04
473.15	76	1.22	1.00E-03
473.15	82	1.24	1.00E-03
473.15	102	1.4	1.00E-03
473.15	118	1.62	1.00E-03			
477.59	27.6	3.5	1.00E-04
477.59	31	4.29	1.00E-04
477.59	55.2	1.05	1.00E-03
477.59	65.5	1.46	1.00E-03
477.59	103.4	2.57	1.00E-03
477.59	110.3	2.71	1.00E-03		
498.15	33	3.22	1.00E-04
498.15	36	4.47	1.00E-04
498.15	41	5.91	1.00E-04
