498.15	51	8.1	1.00E-04
498.15	62	9.93	1.00E-04
498.15	71	1.21	1.00E-03
498.15	92	1.45	1.00E-03		
523.15	44	2.7	1.00E-04
523.15	47	4.45	1.00E-04
523.15	52	6.5	1.00E-04
523.15	60	8.93	1.00E-04
523.15	70	1.18	1.00E-03		
548.15	63	3.01	1.00E-04
548.15	65	4.7	1.00E-04
548.15	68	6.54	1.00E-04
548.15	72	8.48	1.00E-04
548.15	80	1.19	1.00E-03		
573.15	89	2.86	1.00E-04
573.15	91	5.42	1.00E-04
573.15	93	7.24	1.00E-04
573.15	96	8.8	1.00E-04
573.15	100	1.25	1.00E-03		
574.81	110.3	1.41	1.00E-03
588.7	110.3	2.26	1.00E-03
588.71	137.9	2.98	1.00E-03
