310.93	3.4	1.96	1.00E-02
310.93	13.8	4.88	1.00E-03
310.93	31	2.22	1.00E-03
310.93	65.5	1.16	1.00E-03
310.93	103.4	7.6	1.00E-04
310.93	137.9	6	1.00E-04		
310.05	13.8	4.88	1.00E-03
310.95	31	2.22	1.00E-03
310.95	65.5	1.16	1.00E-03
310.95	103.4	7.6	1.00E-04			
323.15	50	2.66	1.00E-03
323.15	100	1.48	1.00E-03
323.15	101.3	1.38	1.00E-03
323.15	150	1.08	1.00E-03
323.15	200	8.8	1.00E-04
323.15	202.7	7.84	1.00E-04
323.15	250	7.6	1.00E-04
323.15	300	6.8	1.00E-04
323.15	405.3	4.64	1.00E-04
323.15	608	3.61	1.00E-04
323.15	1013.3	2.8	1.00E-04		
343.15	50	6.6	1.00E-03
343.15	100	3.58	1.00E-03
343.15	150	2.57	1.00E-03
343.15	200	2.07	1.00E-03
343.15	250	1.77	1.00E-03
343.15	300	1.57	1.00E-03			
366.45	13.8	3.86	1.00E-03
366.45	31	2.64	1.00E-03
366.45	65.5	1.32	1.00E-03
366.45	137.9	6.68	1.00E-03			
366.48	3.4	2.47	1.00E-01
366.48	13.8	5.54	1.00E-02
366.48	13.8	5.86	1.00E-02
366.48	27.6	3.08	1.00E-02
366.48	31	2.64	1.00E-02
366.48	55.2	1.63	1.00E-02
