366.48	65.5	1.32	1.00E-02
366.48	110.3	6.51	1.00E-03
366.48	137.9	6.68	1.00E-03		
422.04	31	1.57	1.00E-01
422.04	65.5	7.53	1.00E-02
422.04	103.4	5.13	1.00E-02		
423.15	50	1.06	1.00E-01
423.15	100	6	1.00E-01
423.15	150	4.4	1.00E-02
423.15	200	3.6	1.00E-02
423.15	250	3.12	1.00E-02
423.15	300	2.83	1.00E-02			
448.15	50	2.06	1.00E-01
448.15	100	1.21	1.00E-01
448.15	150	9.27	1.00E-02
448.15	200	7.8	1.00E-02
448.15	250	6.88	1.00E-02
448.15	300	6.23	1.00E-02			
473.15	50	2.66	1.00E-01
473.15	100	1.48	1.00E-01
473.15	150	1.08	1.00E-01
473.15	200	8.8	1.00E-02
473.15	250	7.6	1.00E-02
473.15	300	6.9	1.00E-02			
477.59	27.6	6.34	1.00E-01
477.59	31	5.55	1.00E-01
477.59	55.2	3.26	1.00E-01
477.59	65.5	2.85	1.00E-01
477.59	103.4	1.88	1.00E-01
477.59	110.3	1.72	1.00E-01			
498.15	50	5.54	1.00E-01
498.15	100	3.22	1.00E-01
498.15	150	2.44	1.00E-01
498.15	200	2.08	1.00E-01
498.15	250	1.83	1.00E-01
498.15	300	1.67	1.00E-01			
523.15	50	8.26	1.00E-01
523.15	100	4.96	1.00E-01
523.15	150	3.83	1.00E-01
523.15	200	3.27	1.00E-01
523.15	250	2.94	1.00E-01
523.15	300	2.71	1.00E-01			
548.15	100	6.86	1.00E-01
